Price,Close,Volume
Ticker,XOVR,XOVR
Date,,
2021-03-23,15.49785041809082,3100
2021-03-24,14.146692276000977,5900
2021-03-25,13.471113204956055,51100
2021-03-26,14.53896427154541,21300
2021-03-29,15.144184112548828,4600
2021-03-30,14.71330738067627,2000
2021-03-31,15.114296913146973,29200
2021-04-01,15.3565092086792,4500
2021-04-05,15.304828643798828,10600
2021-04-06,15.525247573852539,6500
2021-04-07,15.345301628112793,6400
2021-04-08,15.652892112731934,1400
2021-04-09,15.620513916015625,2300
2021-04-12,15.561362266540527,2100
2021-04-13,15.9990873336792,3400
2021-04-14,15.751272201538086,3100
2021-04-15,16.073806762695312,3700
2021-04-16,15.75625228881836,17300
2021-04-19,15.335338592529297,3600
2021-04-20,15.147919654846191,4200
2021-04-21,15.406943321228027,10800
2021-04-22,15.425623893737793,4400
2021-04-23,15.799838066101074,1100
2021-04-26,16.197092056274414,5300
2021-04-27,16.089994430541992,1200
2021-04-28,15.992860794067383,1000
2021-04-29,15.702704429626465,2700
2021-04-30,15.515908241271973,2400
2021-05-03,15.09810733795166,2300
2021-05-04,14.605588912963867,5700
2021-05-05,14.597494125366211,1800
2021-05-06,14.38330078125,4100
2021-05-07,14.59936237335205,12300
2021-05-10,14.224523544311523,1300
2021-05-11,14.241957664489746,3200
2021-05-12,13.818554878234863,10700
2021-05-13,13.82291316986084,2800
2021-05-14,14.230128288269043,3200
2021-05-17,14.192769050598145,2600
2021-05-18,14.203354835510254,3900
2021-05-19,14.15416431427002,700
2021-05-20,14.506587028503418,800
2021-05-21,14.499737739562988,3100
2021-05-24,14.770591735839844,30600
2021-05-25,14.784289360046387,17100
2021-05-26,14.87893295288086,3300
2021-05-27,14.916292190551758,2600
2021-05-28,15.00906753540039,9000
2021-06-01,15.00595474243164,5900
2021-06-02,15.012181282043457,1700
2021-06-03,14.758760452270508,4200
2021-06-04,14.887650489807129,1800
2021-06-07,15.021520614624023,6200
2021-06-08,15.11180591583252,3800
2021-06-09,15.043313980102539,1500
2021-06-10,15.26746940612793,3600
2021-06-11,15.348414421081543,1100
2021-06-14,15.453642845153809,2300
2021-06-15,15.24754524230957,500
2021-06-16,15.205825805664062,2100
2021-06-17,15.552021980285645,12000
2021-06-18,15.591249465942383,800
2021-06-21,15.601834297180176,1400
2021-06-22,15.858989715576172,900
2021-06-23,16.04703140258789,6500
2021-06-24,16.199581146240234,7200
2021-06-25,16.240055084228516,2200
2021-06-28,16.494718551635742,10300
2021-06-29,16.568815231323242,12000
2021-06-30,16.4162654876709,4100
2021-07-01,16.233203887939453,3800
2021-07-02,16.281150817871094,2800
2021-07-06,16.342792510986328,10800
2021-07-07,16.125486373901367,2900
2021-07-08,15.98850154876709,3500
2021-07-09,16.188373565673828,1500
2021-07-12,16.09746742248535,2100
2021-07-13,15.974803924560547,500
2021-07-14,15.611796379089355,800
2021-07-15,15.388264656066895,3600
2021-07-16,15.367094039916992,2600
2021-07-19,15.420019149780273,5800
2021-07-20,15.796725273132324,6000
2021-07-21,15.954879760742188,1400
2021-07-22,16.106184005737305,1900
2021-07-23,16.410661697387695,5600
2021-07-26,16.24814796447754,1700
2021-07-27,16.01714515686035,2500
2021-07-28,16.296716690063477,5500
2021-07-29,16.198959350585938,1300
2021-07-30,15.938067436218262,2900
2021-08-02,16.058862686157227,1500
2021-08-03,16.112411499023438,5000
2021-08-04,16.30543327331543,20200
2021-08-05,16.430585861206055,700
2021-08-06,16.223865509033203,600
2021-08-09,16.325979232788086,1700
2021-08-10,16.152259826660156,500
2021-08-11,16.045785903930664,900
2021-08-12,16.209545135498047,200
2021-08-13,16.167203903198242,300
2021-08-16,15.97355842590332,600
2021-08-17,15.88949966430664,800
2021-08-18,15.791743278503418,100
2021-08-19,15.784272193908691,17100
2021-08-20,16.005313873291016,10100
2021-08-23,16.287376403808594,1200
2021-08-24,16.43556785583496,2400
2021-08-25,16.49970054626465,5700
2021-08-26,16.375791549682617,16900
2021-08-27,16.684629440307617,4600
2021-08-30,16.83095359802246,3900
2021-08-31,16.646024703979492,400
2021-09-01,16.745649337768555,1900
2021-09-02,16.74378204345703,500
2021-09-03,16.848386764526367,700
2021-09-07,16.75063133239746,1000
2021-09-08,16.531455993652344,2800
2021-09-09,16.51277732849121,2200
2021-09-10,16.393850326538086,1300
2021-09-13,16.180278778076172,2000
2021-09-14,16.14478874206543,3500
2021-09-15,16.2923583984375,300
2021-09-16,16.428096771240234,800
2021-09-17,16.420001983642578,700
2021-09-20,16.035202026367188,2700
2021-09-21,16.14105224609375,1500
2021-09-22,16.29796028137207,1500
2021-09-23,16.449888229370117,800
2021-09-24,16.336565017700195,800
2021-09-27,16.08750343322754,4900
2021-09-28,15.524002075195312,2500
2021-09-29,15.382038116455078,400
2021-09-30,15.427491188049316,100
2021-10-01,15.500341415405273,400
2021-10-04,15.070087432861328,600
2021-10-05,15.314791679382324,2100
2021-10-06,15.405698776245117,500
2021-10-07,15.647287368774414,800
2021-10-08,15.532719612121582,600
2021-10-11,15.456132888793945,1600
2021-10-12,15.610550880432129,1100
2021-10-13,15.900708198547363,2800
2021-10-14,16.139806747436523,500
2021-10-15,16.16471290588379,2800
2021-10-18,16.385133743286133,13500
2021-10-19,16.494096755981445,2200
2021-10-20,16.517757415771484,2300
2021-10-21,16.637306213378906,500
2021-10-22,16.47292709350586,900
2021-10-25,16.645401000976562,100
2021-10-26,16.662214279174805,1000
2021-10-27,16.411907196044922,18300
2021-10-28,16.637929916381836,400
2021-10-29,16.72447967529297,4500
2021-11-01,16.755611419677734,800
2021-11-02,16.680892944335938,200
2021-11-03,16.799196243286133,1700
2021-11-04,16.998445510864258,1400
2021-11-05,16.865198135375977,1700
2021-11-08,17.03580665588379,1400
2021-11-09,16.947389602661133,4000
2021-11-10,16.46919059753418,2500
2021-11-11,16.55013656616211,300
2021-11-12,16.855236053466797,600
2021-11-15,16.799196243286133,100
2021-11-16,16.973541259765625,500
2021-11-17,16.72447967529297,600
2021-11-18,16.612401962280273,800
2021-11-19,16.562589645385742,200
2021-11-22,16.008426666259766,300
2021-11-23,15.784272193908691,402400
2021-11-24,16.072561264038086,1500
2021-11-26,15.908180236816406,300
2021-11-29,16.008426666259766,1000
2021-11-30,15.606816291809082,1600
2021-12-01,14.974199295043945,700
2021-12-02,15.149165153503418,3900
2021-12-03,14.664117813110352,1000
2021-12-06,14.664740562438965,4200
2021-12-07,15.222638130187988,2900
2021-12-08,15.490379333496094,1300
2021-12-09,15.119900703430176,1100
2021-12-10,15.101221084594727,3800
2021-12-13,14.918782234191895,4200
2021-12-14,14.70147705078125,500
2021-12-15,14.981048583984375,1600
2021-12-16,14.604965209960938,200
2021-12-17,14.580681800842285,13800
2021-12-20,14.39699935913086,200
2021-12-21,14.949000358581543,8600
2021-12-22,15.0,9100
2021-12-23,15.199000358581543,22700
2021-12-27,15.354000091552734,3800
2021-12-28,15.234000205993652,13000
2021-12-29,15.22599983215332,25600
2021-12-30,15.236000061035156,12900
2021-12-31,15.109000205993652,1200
2022-01-03,14.970000267028809,9700
2022-01-04,14.654999732971191,9900
2022-01-05,13.970000267028809,6400
2022-01-06,13.994000434875488,15500
2022-01-07,13.79800033569336,3800
2022-01-10,13.8149995803833,4000
2022-01-11,14.050000190734863,3200
2022-01-12,14.041000366210938,3700
2022-01-13,13.579000473022461,5500
2022-01-14,13.585000038146973,500
2022-01-18,13.184000015258789,2000
2022-01-19,13.069999694824219,100
2022-01-20,12.913999557495117,2300
2022-01-21,12.585000038146973,2700
2022-01-24,12.663999557495117,6500
2022-01-25,12.406999588012695,900
2022-01-26,12.303999900817871,7400
2022-01-27,12.232999801635742,3300
2022-01-28,12.470999717712402,500
2022-01-31,12.869999885559082,200
2022-02-01,13.015999794006348,800
2022-02-02,13.130000114440918,8900
2022-02-03,12.57800006866455,15000
2022-02-04,12.739999771118164,800
2022-02-07,12.628000259399414,3000
2022-02-08,12.720000267028809,1400
2022-02-09,13.012999534606934,2100
2022-02-10,12.821999549865723,12200
2022-02-11,12.494999885559082,800
2022-02-14,12.4350004196167,2400
2022-02-15,12.710000038146973,900
2022-02-16,12.626999855041504,1600
2022-02-17,12.114999771118164,2000
2022-02-18,11.852999687194824,5000
2022-02-22,11.758000373840332,3000
2022-02-23,11.538999557495117,2800
2022-02-24,11.904999732971191,7500
2022-02-25,12.092000007629395,5400
2022-02-28,12.173999786376953,2300
2022-03-01,12.017999649047852,1900
2022-03-02,12.154000282287598,868200
2022-03-03,11.930000305175781,700
2022-03-04,11.779999732971191,100
2022-03-07,11.37399959564209,200
2022-03-08,11.345000267028809,700
2022-03-09,11.701000213623047,300
2022-03-10,11.61400032043457,200
2022-03-11,11.361000061035156,700
2022-03-14,11.121000289916992,902500
2022-03-15,11.420000076293945,300
2022-03-16,11.864999771118164,2800
2022-03-17,12.088000297546387,800
2022-03-18,12.399999618530273,2600
2022-03-21,12.267000198364258,4100
2022-03-22,12.527999877929688,3600
2022-03-23,12.3100004196167,700
2022-03-24,12.520999908447266,500
2022-03-25,12.38599967956543,2700
2022-03-28,12.583999633789062,1300
2022-03-29,12.961999893188477,1200
2022-03-30,12.696999549865723,1300
2022-03-31,12.574999809265137,200
2022-04-01,12.607999801635742,12800
2022-04-04,12.918000221252441,400
2022-04-05,12.477999687194824,200
2022-04-06,12.067000389099121,100
2022-04-07,12.067000389099121,500
2022-04-08,11.866999626159668,5300
2022-04-11,11.694999694824219,1800
2022-04-12,11.635000228881836,600
2022-04-13,11.934000015258789,200
2022-04-14,11.592000007629395,100
2022-04-18,11.439000129699707,500
2022-04-19,11.756999969482422,9100
2022-04-20,11.479999542236328,600
2022-04-21,11.159000396728516,300
2022-04-22,10.875,1300
2022-04-25,10.789999961853027,500
2022-04-26,10.645999908447266,100
2022-04-27,10.586000442504883,100
2022-04-28,10.913999557495117,400
2022-04-29,10.545000076293945,1500
2022-05-02,10.697999954223633,1300
2022-05-03,10.732000350952148,100
2022-05-04,11.00100040435791,300
2022-05-05,10.524999618530273,1300
2022-05-06,10.288999557495117,1000
2022-05-09,9.84000015258789,4100
2022-05-10,9.902999877929688,6000
2022-05-11,9.640000343322754,500
2022-05-12,9.689000129699707,1200
2022-05-13,10.083999633789062,1500
2022-05-16,9.9399995803833,800
2022-05-17,10.201000213623047,800
2022-05-18,9.762999534606934,1200
2022-05-19,9.880000114440918,1800
2022-05-20,9.88700008392334,700
2022-05-23,9.996000289916992,2200
2022-05-24,9.685999870300293,100
2022-05-25,9.87600040435791,900
2022-05-26,10.130999565124512,6400
2022-05-27,10.463000297546387,2500
2022-05-31,10.369000434875488,1800
2022-06-01,10.25100040435791,900
2022-06-02,10.63599967956543,2100
2022-06-03,10.371999740600586,1400
2022-06-06,10.406999588012695,100
2022-06-07,10.54699993133545,1000
2022-06-08,10.5,1200
2022-06-09,10.164999961853027,300
2022-06-10,9.784000396728516,2500
2022-06-13,9.277999877929688,300
2022-06-14,9.362000465393066,1000
2022-06-15,9.567999839782715,200
2022-06-16,9.16100025177002,700
2022-06-17,9.373000144958496,700
2022-06-21,9.534000396728516,300
2022-06-22,9.548999786376953,100
2022-06-23,9.77299976348877,300
2022-06-24,10.13599967956543,2000
2022-06-27,10.043000221252441,100
2022-06-28,9.696999549865723,100
2022-06-29,9.637999534606934,200
2022-06-30,9.439000129699707,1700
2022-07-01,9.574000358581543,2500
2022-07-05,9.868000030517578,400
2022-07-06,9.833999633789062,100
2022-07-07,10.133000373840332,100
2022-07-08,10.12399959564209,100
2022-07-11,9.847000122070312,1000
2022-07-12,9.720999717712402,100
2022-07-13,9.699000358581543,100
2022-07-14,9.595000267028809,100
2022-07-15,9.784000396728516,100
2022-07-18,9.800999641418457,200
2022-07-19,10.074000358581543,1100
2022-07-20,10.383999824523926,100
2022-07-21,10.531999588012695,100
2022-07-22,10.217000007629395,2000
2022-07-25,10.130999565124512,900
2022-07-26,9.852999687194824,100
2022-07-27,10.335000038146973,1200
2022-07-28,10.4399995803833,100
2022-07-29,10.531000137329102,1300
2022-08-01,10.574999809265137,300
2022-08-02,10.67300033569336,200
2022-08-03,10.970999717712402,1500
2022-08-04,11.027000427246094,2200
2022-08-05,11.095000267028809,500
2022-08-08,11.152999877929688,2300
2022-08-09,10.904999732971191,600
2022-08-10,11.352999687194824,600
2022-08-11,11.230999946594238,1900
2022-08-12,11.482999801635742,200
2022-08-15,11.527999877929688,100
2022-08-16,11.50100040435791,200
2022-08-17,11.229999542236328,800
2022-08-18,11.244999885559082,100
2022-08-19,10.885000228881836,5900
2022-08-22,10.602999687194824,900
2022-08-23,10.569999694824219,200
2022-08-24,10.670000076293945,100
2022-08-25,10.930000305175781,900
2022-08-26,10.489999771118164,100
2022-08-29,10.395999908447266,200
2022-08-30,10.289999961853027,400
2022-08-31,10.210000038146973,200
2022-09-01,9.970000267028809,400
2022-09-02,9.869999885559082,200
2022-09-06,9.819999694824219,300
2022-09-07,10.069999694824219,200
2022-09-08,10.229999542236328,200
2022-09-09,10.550000190734863,200
2022-09-12,10.670000076293945,200
2022-09-13,10.100000381469727,300
2022-09-14,10.149999618530273,200
2022-09-15,10.079999923706055,500
2022-09-16,9.916999816894531,2100
2022-09-19,9.949999809265137,2200
2022-09-20,9.789999961853027,1400
2022-09-21,9.71500015258789,700
2022-09-22,9.399999618530273,600
2022-09-23,9.289999961853027,2200
2022-09-26,9.218000411987305,1600
2022-09-27,9.25,200
2022-09-28,9.5,300
2022-09-29,9.25,100
2022-09-30,9.218000411987305,100
2022-10-03,9.390000343322754,400
2022-10-04,9.770000457763672,700
2022-10-05,9.739999771118164,200
2022-10-06,9.720000267028809,1200
2022-10-07,9.34000015258789,200
2022-10-10,9.130000114440918,200
2022-10-11,8.993000030517578,1400
2022-10-12,8.960000038146973,200
2022-10-13,9.029999732971191,1200
2022-10-14,8.744000434875488,500
2022-10-17,9.109999656677246,700
2022-10-18,9.229999542236328,200
2022-10-19,9.069999694824219,200
2022-10-20,9.138999938964844,500
2022-10-21,9.279999732971191,100
2022-10-24,9.295999526977539,500
2022-10-25,9.609999656677246,400
2022-10-26,9.487000465393066,300
2022-10-27,9.380000114440918,4100
2022-10-28,9.550999641418457,1800
2022-10-31,9.451000213623047,300
2022-11-01,9.425000190734863,100
2022-11-02,9.008999824523926,100
2022-11-03,8.89799976348877,200
2022-11-04,8.800000190734863,1000
2022-11-07,8.859999656677246,800
2022-11-08,8.95199966430664,1200
2022-11-09,8.687999725341797,100
2022-11-10,9.395000457763672,1700
2022-11-11,9.70300006866455,4400
2022-11-14,9.60200023651123,2000
2022-11-15,9.800000190734863,8300
2022-11-16,9.539999961853027,100
2022-11-17,9.402999877929688,500
2022-11-18,9.390999794006348,3700
2022-11-21,9.256999969482422,100
2022-11-22,9.357000350952148,500
2022-11-23,9.498000144958496,300
2022-11-25,9.46500015258789,200
2022-11-28,9.298999786376953,100
2022-11-29,9.243000030517578,100
2022-11-30,9.666999816894531,12200
2022-12-01,9.822999954223633,100
2022-12-02,9.763999938964844,400
2022-12-05,9.428000450134277,400
2022-12-06,9.220000267028809,200
2022-12-07,9.199999809265137,100
2022-12-08,9.404000282287598,100
2022-12-09,9.345999717712402,400
2022-12-12,9.477999687194824,400
2022-12-13,9.638999938964844,900
2022-12-14,9.590999603271484,1500
2022-12-15,9.199999809265137,400
2022-12-16,9.137999534606934,100
2022-12-19,8.946999549865723,100
2022-12-20,8.991999626159668,600
2022-12-21,9.114999771118164,400
2022-12-22,8.890999794006348,1000
2022-12-23,8.85099983215332,100
2022-12-27,8.718999862670898,1300
2022-12-28,8.628000259399414,4700
2022-12-29,8.928000450134277,400
2022-12-30,8.901000022888184,2000
2023-01-03,8.819000244140625,700
2023-01-04,8.965999603271484,1700
2023-01-05,8.748000144958496,4100
2023-01-06,8.920999526977539,1300
2023-01-09,9.062000274658203,4800
2023-01-10,9.168999671936035,1700
2023-01-11,9.366999626159668,4300
2023-01-12,9.437999725341797,2000
2023-01-13,9.53499984741211,2700
2023-01-17,9.635000228881836,1900
2023-01-18,9.52400016784668,1400
2023-01-19,9.357000350952148,2900
2023-01-20,9.664999961853027,900
2023-01-23,10.015000343322754,5300
2023-01-24,9.907999992370605,700
2023-01-25,9.906000137329102,500
2023-01-26,10.107999801635742,6000
2023-01-27,10.329999923706055,200
2023-01-30,10.041999816894531,600
2023-01-31,10.282999992370605,1300
2023-02-01,10.621999740600586,100
2023-02-02,11.04800033569336,100
2023-02-03,10.70300006866455,100
2023-02-06,10.579999923706055,100
2023-02-07,10.809000015258789,100
2023-02-08,10.635000228881836,100
2023-02-09,10.543000221252441,2000
2023-02-10,10.375,300
2023-02-13,10.515000343322754,100
2023-02-14,10.682999610900879,2300
2023-02-15,10.928999900817871,200
2023-02-16,10.720000267028809,100
2023-02-17,10.583999633789062,100
2023-02-21,10.295000076293945,500
2023-02-22,10.354000091552734,300
2023-02-23,10.4399995803833,1100
2023-02-24,10.246999740600586,8400
2023-02-27,10.3149995803833,1100
2023-02-28,10.361000061035156,600
2023-03-01,10.309000015258789,12200
2023-03-02,10.395999908447266,600
2023-03-03,10.704000473022461,100
2023-03-06,10.642000198364258,400
2023-03-07,10.555999755859375,100
2023-03-08,10.595000267028809,2500
2023-03-09,10.298999786376953,300
2023-03-10,10.03499984741211,600
2023-03-13,10.118000030517578,400
2023-03-14,10.29800033569336,100
2023-03-15,10.277999877929688,400
2023-03-16,10.545000076293945,0
2023-03-17,10.430000305175781,100
2023-03-20,10.458999633789062,100
2023-03-21,10.699000358581543,1100
2023-03-22,10.479999542236328,800
2023-03-23,10.62399959564209,800
2023-03-24,10.557999610900879,3400
2023-03-27,10.619999885559082,2300
2023-03-28,10.550000190734863,2100
2023-03-29,10.70300006866455,100
2023-03-30,10.758000373840332,1600
2023-03-31,11.006999969482422,1000
2023-04-03,10.940999984741211,700
2023-04-04,10.90999984741211,654200
2023-04-05,10.70199966430664,300
2023-04-06,10.770999908447266,200
2023-04-10,10.829999923706055,1800
2023-04-11,10.786999702453613,300
2023-04-12,10.711999893188477,1800
2023-04-13,10.906999588012695,500
2023-04-14,10.866000175476074,2100
2023-04-17,10.906999588012695,200
2023-04-18,10.935999870300293,500
2023-04-19,10.885000228881836,800
2023-04-20,10.776000022888184,1300
2023-04-21,10.8149995803833,500
2023-04-24,10.755000114440918,500
2023-04-25,10.47599983215332,700
2023-04-26,10.508000373840332,100
2023-04-27,10.666000366210938,200
2023-04-28,10.663000106811523,100
2023-05-01,10.675999641418457,900
2023-05-02,10.515000343322754,800
2023-05-03,10.498000144958496,400
2023-05-04,10.522000312805176,100
2023-05-05,10.699999809265137,500
2023-05-08,10.795000076293945,800
2023-05-09,10.765000343322754,300
2023-05-10,10.890000343322754,100
2023-05-11,10.923999786376953,1300
2023-05-12,10.854999542236328,200
2023-05-15,10.954999923706055,100
2023-05-16,10.901000022888184,200
2023-05-17,11.031999588012695,400
2023-05-18,11.255000114440918,1600
2023-05-19,11.194999694824219,100
2023-05-22,11.335000038146973,200
2023-05-23,11.149999618530273,200
2023-05-24,11.13700008392334,1400
2023-05-25,11.206000328063965,400
2023-05-26,11.420000076293945,200
2023-05-30,11.484999656677246,500
2023-05-31,11.532999992370605,400
2023-06-01,11.685999870300293,100
2023-06-02,11.845999717712402,400
2023-06-05,11.939000129699707,500
2023-06-06,11.991999626159668,200
2023-06-07,11.711999893188477,600
2023-06-08,11.8100004196167,100
2023-06-09,11.833000183105469,300
2023-06-12,12.03499984741211,2100
2023-06-13,12.166000366210938,1100
2023-06-14,12.177000045776367,300
2023-06-15,12.35099983215332,600
2023-06-16,12.255999565124512,1500
2023-06-20,12.192000389099121,300
2023-06-21,11.994000434875488,0
2023-06-22,12.086000442504883,200
2023-06-23,11.994999885559082,200
2023-06-26,11.89799976348877,200
2023-06-27,12.071999549865723,100
2023-06-28,12.114999771118164,700
2023-06-29,12.107000350952148,100
2023-06-30,12.239999771118164,600
2023-07-03,12.25,400
2023-07-05,12.239999771118164,3100
2023-07-06,12.039999961853027,800
2023-07-07,12.062000274658203,4100
2023-07-10,12.229000091552734,1100
2023-07-11,12.430000305175781,900
2023-07-12,12.49899959564209,300
2023-07-13,12.770000457763672,1200
2023-07-14,12.654999732971191,200
2023-07-17,12.876999855041504,3600
2023-07-18,12.930999755859375,3200
2023-07-19,12.9350004196167,3100
2023-07-20,12.510000228881836,16200
2023-07-21,12.482999801635742,6600
2023-07-24,12.418999671936035,2800
2023-07-25,12.470000267028809,700
2023-07-26,12.482000350952148,700
2023-07-27,12.38599967956543,100
2023-07-28,12.66100025177002,100
2023-07-31,12.782999992370605,1500
2023-08-01,12.720000267028809,1900
2023-08-02,12.204000473022461,400
2023-08-03,12.180000305175781,100
2023-08-04,12.071000099182129,400
2023-08-07,12.137999534606934,8500
2023-08-08,11.916000366210938,1100
2023-08-09,11.720999717712402,600
2023-08-10,11.791000366210938,100
2023-08-11,11.8100004196167,1697800
2023-08-14,11.859999656677246,3300
2023-08-15,11.814000129699707,100
2023-08-16,11.699000358581543,600
2023-08-17,11.505999565124512,1200
2023-08-18,11.47700023651123,1200
2023-08-21,11.64900016784668,0
2023-08-22,11.656000137329102,1100
2023-08-23,11.82699966430664,100
2023-08-24,11.553999900817871,100
2023-08-25,11.657999992370605,100
2023-08-28,11.699999809265137,100
2023-08-29,11.960000038146973,100
2023-08-30,12.050000190734863,100
2023-08-31,12.170000076293945,100
2023-09-01,12.229999542236328,300
2023-09-05,12.276000022888184,200
2023-09-06,12.232999801635742,100
2023-09-07,12.208999633789062,100
2023-09-08,12.178999900817871,100
2023-09-11,12.315999984741211,500
2023-09-12,12.130000114440918,100
2023-09-13,12.074000358581543,400
2023-09-14,12.130999565124512,100
2023-09-15,11.970999717712402,800
2023-09-18,11.88700008392334,100
2023-09-19,11.802000045776367,100
2023-09-20,11.670999526977539,1700
2023-09-21,11.376999855041504,100
2023-09-22,11.373000144958496,100
2023-09-25,11.380000114440918,4800
2023-09-26,11.244000434875488,1400
2023-09-27,11.335000038146973,8300
2023-09-28,11.449999809265137,100
2023-09-29,11.491000175476074,900
2023-10-02,11.538000106811523,100
2023-10-03,11.269000053405762,100
2023-10-04,11.420000076293945,200
2023-10-05,11.378000259399414,200
2023-10-06,11.631999969482422,200
2023-10-09,11.675000190734863,1200
2023-10-10,11.791000366210938,100
2023-10-11,11.838000297546387,100
2023-10-12,11.699000358581543,100
2023-10-13,11.517000198364258,1700
2023-10-16,11.6850004196167,300
2023-10-17,11.678999900817871,100
2023-10-18,11.467000007629395,100
2023-10-19,11.331999778747559,100
2023-10-20,11.097000122070312,100
2023-10-23,11.133000373840332,800
2023-10-24,11.329000473022461,1400
2023-10-25,10.890000343322754,600
2023-10-26,10.706999778747559,100
2023-10-27,10.741000175476074,300
2023-10-30,10.843999862670898,700
2023-10-31,10.993000030517578,15000
2023-11-01,11.031999588012695,400
2023-11-02,11.305000305175781,300
2023-11-03,11.515999794006348,500
2023-11-06,11.456000328063965,2700
2023-11-07,11.600000381469727,1100
2023-11-08,11.619999885559082,800
2023-11-09,11.463000297546387,100
2023-11-10,11.656000137329102,400
2023-11-13,11.684000015258789,0
2023-11-14,12.008999824523926,300
2023-11-15,12.010000228881836,900
2023-11-16,11.920000076293945,2600
2023-11-17,12.020000457763672,400
2023-11-20,12.170000076293945,600
2023-11-21,12.0600004196167,300
2023-11-22,12.095000267028809,1200
2023-11-24,12.086000442504883,900
2023-11-27,12.100000381469727,600
2023-11-28,12.199999809265137,100
2023-11-29,12.359999656677246,1500
2023-11-30,12.279999732971191,500
2023-12-01,12.65999984741211,700
2023-12-04,12.597999572753906,800
2023-12-05,12.5,200
2023-12-06,12.383999824523926,800
2023-12-07,12.4399995803833,300
2023-12-08,12.600000381469727,100
2023-12-11,12.649999618530273,100
2023-12-12,12.739999771118164,400
2023-12-13,13.0600004196167,1600
2023-12-14,13.420000076293945,2400
2023-12-15,13.336000442504883,500
2023-12-18,13.380000114440918,500
2023-12-19,13.680000305175781,7800
2023-12-20,13.329999923706055,17100
2023-12-21,13.609000205993652,2200
2023-12-22,13.597000122070312,23700
2023-12-26,13.770000457763672,6400
2023-12-27,13.789999961853027,3800
2023-12-28,13.737000465393066,2400
2023-12-29,13.520000457763672,13800
2024-01-02,13.079999923706055,100
2024-01-03,12.680000305175781,1900
2024-01-04,12.600000381469727,100
2024-01-05,12.692999839782715,2000
2024-01-08,13.119999885559082,600
2024-01-09,13.050000190734863,500
2024-01-10,13.119999885559082,2000
2024-01-11,13.020000457763672,1200
2024-01-12,12.9399995803833,3900
2024-01-16,12.880000114440918,17500
2024-01-17,12.824999809265137,100
2024-01-18,12.984999656677246,19200
2024-01-19,13.210000038146973,600
2024-01-22,13.38599967956543,200
2024-01-23,13.423999786376953,400
2024-01-24,13.350000381469727,200
2024-01-25,13.40999984741211,900
2024-01-26,13.430000305175781,100
2024-01-29,13.75,500
2024-01-30,13.6899995803833,400
2024-01-31,13.430000305175781,200
2024-02-01,13.602999687194824,300
2024-02-02,13.960000038146973,1600
2024-02-05,13.960000038146973,2000
2024-02-06,13.970000267028809,7200
2024-02-07,14.210000038146973,6300
2024-02-08,14.34000015258789,3200
2024-02-09,14.508000373840332,2100
2024-02-12,14.479999542236328,3700
2024-02-13,14.220000267028809,39600
2024-02-14,14.616000175476074,4900
2024-02-15,14.880000114440918,1900
2024-02-16,14.539999961853027,2300
2024-02-20,14.329999923706055,1400
2024-02-21,14.006999969482422,1100
2024-02-22,14.6899995803833,1200
2024-02-23,14.600000381469727,600
2024-02-26,14.678999900817871,100
2024-02-27,14.708999633789062,2400
2024-02-28,14.611000061035156,1500
2024-02-29,14.800000190734863,1700
2024-03-01,14.996000289916992,2600
2024-03-04,15.25,43700
2024-03-05,14.960000038146973,2200
2024-03-06,15.15999984741211,29200
2024-03-07,15.454000473022461,42900
2024-03-08,15.199999809265137,6800
2024-03-11,15.003000259399414,34000
2024-03-12,15.4399995803833,9500
2024-03-13,15.437000274658203,7800
2024-03-14,15.29800033569336,300
2024-03-15,15.02400016784668,5900
2024-03-18,15.140000343322754,13100
2024-03-19,15.105999946594238,1300
2024-03-20,15.3100004196167,2900
2024-03-21,15.505000114440918,2800
2024-03-22,15.506999969482422,400
2024-03-25,15.550000190734863,3100
2024-03-26,15.529999732971191,19900
2024-03-27,15.449999809265137,400
2024-03-28,15.489999771118164,700
2024-04-01,15.5,300
2024-04-02,15.3149995803833,700
2024-04-03,15.342000007629395,6000
2024-04-04,15.109999656677246,4700
2024-04-05,15.369999885559082,12800
2024-04-08,15.380000114440918,2200
2024-04-09,15.300000190734863,800
2024-04-10,15.289999961853027,100
2024-04-11,15.494999885559082,900
2024-04-12,15.149999618530273,1300
2024-04-15,14.789999961853027,3900
2024-04-16,14.920000076293945,4100
2024-04-17,14.756999969482422,2700
2024-04-18,14.670000076293945,2800
2024-04-19,14.104000091552734,1200
2024-04-22,14.25,2800
2024-04-23,14.59000015258789,900
2024-04-24,14.550000190734863,800
2024-04-25,14.5,300
2024-04-26,14.9350004196167,800
2024-04-29,14.949999809265137,1800
2024-04-30,14.649999618530273,900
2024-05-01,14.470000267028809,1300
2024-05-02,14.645000457763672,300
2024-05-03,14.75,1200
2024-05-06,15.029999732971191,3700
2024-05-07,14.949999809265137,700
2024-05-08,14.920000076293945,700
2024-05-09,14.907999992370605,2100
2024-05-10,14.930000305175781,1000
2024-05-13,14.890000343322754,2800
2024-05-14,15.0,600
2024-05-15,15.418999671936035,8200
2024-05-16,15.279999732971191,7500
2024-05-17,15.279999732971191,1600
2024-05-20,15.399999618530273,2600
2024-05-21,15.34000015258789,1500
2024-05-22,15.17199993133545,300
2024-05-23,15.067000389099121,9600
2024-05-24,15.22599983215332,6500
2024-05-28,15.279999732971191,2300
2024-05-29,15.178999900817871,1400
2024-05-30,14.789999961853027,4900
2024-05-31,14.75,7900
2024-06-03,14.779999732971191,4200
2024-06-04,14.75,1300
2024-06-05,15.09000015258789,500
2024-06-06,15.071999549865723,100
2024-06-07,15.010000228881836,2800
2024-06-10,15.109999656677246,600
2024-06-11,15.09000015258789,200
2024-06-12,15.359999656677246,2900
2024-06-13,15.390000343322754,500
2024-06-14,15.411999702453613,8200
2024-06-17,15.550000190734863,1300
2024-06-18,15.699999809265137,3200
2024-06-20,15.59000015258789,21400
2024-06-21,15.59000015258789,21100
2024-06-24,15.300000190734863,3400
2024-06-25,15.5600004196167,9800
2024-06-26,15.529999732971191,24000
2024-06-27,15.649999618530273,25800
2024-06-28,15.579999923706055,16100
2024-07-01,15.609999656677246,17500
2024-07-02,15.670000076293945,11500
2024-07-03,15.760000228881836,3000
2024-07-05,15.880000114440918,2700
2024-07-08,15.920000076293945,2500
2024-07-09,15.800000190734863,1400
2024-07-10,15.854999542236328,1100
2024-07-11,15.670000076293945,3000
2024-07-12,15.779999732971191,800
2024-07-15,15.770000457763672,1500
2024-07-16,15.86299991607666,900
2024-07-17,15.380000114440918,800
2024-07-18,15.109999656677246,2200
2024-07-19,15.164999961853027,1100
2024-07-22,15.430000305175781,2000
2024-07-23,15.479999542236328,6100
2024-07-24,14.930000305175781,1000
2024-07-25,14.819999694824219,800
2024-07-26,14.920000076293945,700
2024-07-29,14.890000343322754,1000
2024-07-30,14.729999542236328,100
2024-07-31,15.130000114440918,1300
2024-08-01,14.869999885559082,1100
2024-08-02,14.520000457763672,1400
2024-08-05,14.140000343322754,1100
2024-08-06,14.267000198364258,1800
2024-08-07,13.951000213623047,500
2024-08-08,14.5,500
2024-08-09,14.593999862670898,900
2024-08-12,14.539999961853027,1000
2024-08-13,14.930000305175781,500
2024-08-14,14.979999542236328,900
2024-08-15,15.3100004196167,800
2024-08-16,15.369999885559082,700
2024-08-19,15.5600004196167,1000
2024-08-20,15.449999809265137,1600
2024-08-21,15.644000053405762,700
2024-08-22,15.373000144958496,100
2024-08-23,15.539999961853027,1400
2024-08-26,15.449999809265137,6600
2024-08-27,15.470000267028809,400
2024-08-28,15.3100004196167,300
2024-08-29,15.305000305175781,9200
2024-08-30,15.395999908447266,147200
2024-09-03,15.137999534606934,36400
2024-09-04,14.84000015258789,35200
2024-09-05,14.869999885559082,35800
2024-09-06,14.520000457763672,33000
2024-09-09,14.6899995803833,20400
2024-09-10,14.800000190734863,117600
2024-09-11,15.220000267028809,39400
2024-09-12,15.449999809265137,800
2024-09-13,15.527000427246094,24200
2024-09-16,15.668999671936035,25300
2024-09-17,15.710000038146973,700
2024-09-18,15.651000022888184,648300
2024-09-19,16.065000534057617,103600
2024-09-20,16.08799934387207,144100
2024-09-23,16.079999923706055,2000
2024-09-24,16.139999389648438,7700
2024-09-25,16.170000076293945,1300
2024-09-26,16.170000076293945,1200
2024-09-27,16.09000015258789,1000
2024-09-30,16.142000198364258,35600
2024-10-01,15.9399995803833,3500
2024-10-02,16.01799964904785,600
2024-10-03,16.058000564575195,1200
2024-10-04,16.3700008392334,7700
2024-10-07,16.225000381469727,1800
2024-10-08,16.440000534057617,2100
2024-10-09,16.56999969482422,4000
2024-10-10,16.65999984741211,1700
2024-10-11,16.799999237060547,500
2024-10-14,16.84000015258789,10600
2024-10-15,16.591999053955078,79500
2024-10-16,16.670000076293945,28200
2024-10-17,16.672000885009766,11000
2024-10-18,16.770000457763672,25200
2024-10-21,16.739999771118164,11100
2024-10-22,16.635000228881836,10400
2024-10-23,16.34000015258789,212800
2024-10-24,16.496000289916992,7000
2024-10-25,16.670000076293945,5600
2024-10-28,16.709999084472656,5700
2024-10-29,16.90999984741211,9300
2024-10-30,16.799999237060547,5500
2024-10-31,16.18000030517578,10700
2024-11-01,16.24799919128418,2700
2024-11-04,16.25,7200
2024-11-05,16.459999084472656,12000
2024-11-06,17.100000381469727,8700
2024-11-07,17.68000030517578,24000
2024-11-08,17.899999618530273,15500
2024-11-11,18.05500030517578,13000
2024-11-12,18.086999893188477,12700
2024-11-13,18.03499984741211,18600
2024-11-14,17.764999389648438,17300
2024-11-15,17.31999969482422,3100
2024-11-18,17.510000228881836,9000
2024-11-19,17.889999389648438,8700
2024-11-20,17.950000762939453,7400
2024-11-21,18.190000534057617,284300
2024-11-22,18.5,12600
2024-11-25,18.485000610351562,14800
2024-11-26,18.510000228881836,15000
2024-11-27,18.32699966430664,6900
2024-11-29,18.399999618530273,3800
2024-12-02,18.530000686645508,3300
2024-12-03,18.68000030517578,102200
2024-12-04,19.09000015258789,80600
2024-12-05,18.950000762939453,877900
2024-12-06,19.229999542236328,1141700
2024-12-09,18.719999313354492,823900
2024-12-10,18.329999923706055,483700
2024-12-11,18.979999542236328,709300
2024-12-12,18.889999389648438,448300
2024-12-13,18.709999084472656,399100
2024-12-16,19.030000686645508,535600
2024-12-17,18.889999389648438,1202500
2024-12-18,18.1200008392334,375000
2024-12-19,18.170000076293945,453500
2024-12-20,18.450000762939453,293600
2024-12-23,18.459999084472656,182700
2024-12-24,18.6299991607666,120900
2024-12-26,18.68000030517578,440100
2024-12-27,18.3700008392334,504700
2024-12-30,18.219999313354492,225900
2024-12-31,18.010000228881836,217200
2025-01-02,18.190000534057617,160700
2025-01-03,18.549999237060547,177200
2025-01-06,18.790000915527344,549600
2025-01-07,18.3799991607666,433300
2025-01-08,18.469999313354492,292400
2025-01-10,18.18000030517578,466000
2025-01-13,18.020000457763672,213600
2025-01-14,18.170000076293945,215000
2025-01-15,18.56999969482422,282000
2025-01-16,18.559999465942383,168400
2025-01-17,18.719999313354492,437500
2025-01-21,19.010000228881836,547500
2025-01-22,19.209999084472656,587500
2025-01-23,19.34000015258789,1000700
2025-01-24,19.229999542236328,1226500
2025-01-27,18.530000686645508,966600
2025-01-28,18.959999084472656,618700
2025-01-29,18.889999389648438,426900
2025-01-30,19.100000381469727,369600
2025-01-31,18.979999542236328,731900
2025-02-03,18.8700008392334,573400
2025-02-04,19.030000686645508,411100
2025-02-05,19.110000610351562,295400
2025-02-06,19.1200008392334,1131500
2025-02-07,19.0,1079700
2025-02-10,19.139999389648438,402900
2025-02-11,18.889999389648438,395300
2025-02-12,18.920000076293945,296600
2025-02-13,19.219999313354492,462600
2025-02-14,19.459999084472656,421100
2025-02-18,19.3799991607666,508800
2025-02-19,19.260000228881836,617200
2025-02-20,18.889999389648438,572100
2025-02-21,18.260000228881836,447800
2025-02-24,18.049999237060547,372400
2025-02-25,17.739999771118164,473900
2025-02-26,17.81999969482422,313100
2025-02-27,17.360000610351562,373600
2025-02-28,17.56999969482422,334000
2025-03-03,17.170000076293945,408100
2025-03-04,17.030000686645508,495600
2025-03-05,17.219999313354492,184100
2025-03-06,16.530000686645508,241800
2025-03-07,16.600000381469727,265500
2025-03-10,15.949999809265137,418000
2025-03-11,15.989999771118164,280200
2025-03-12,16.280000686645508,259600
2025-03-13,15.90999984741211,178800
2025-03-14,16.3700008392334,166000
2025-03-17,16.579999923706055,159200
2025-03-18,16.229999542236328,133900
2025-03-19,16.530000686645508,158700
2025-03-20,16.559999465942383,180100
2025-03-21,16.6200008392334,250500
2025-03-24,17.110000610351562,288500
2025-03-25,17.170000076293945,493200
2025-03-26,16.719999313354492,298900
2025-03-27,16.40999984741211,205800
2025-03-28,16.040000915527344,189600
2025-03-31,15.949999809265137,292000
2025-04-01,16.1299991607666,158300
2025-04-02,16.3700008392334,143000
2025-04-03,15.430000305175781,309100
2025-04-04,14.600000381469727,579700
2025-04-07,14.779999732971191,412500
2025-04-08,14.550000190734863,251300
2025-04-09,16.09000015258789,271100
2025-04-10,15.4399995803833,126000
2025-04-11,15.630000114440918,114400
2025-04-14,15.649999618530273,124600
2025-04-15,15.75,157200
2025-04-16,15.380000114440918,136200
2025-04-17,15.390000343322754,99900
2025-04-21,14.920000076293945,162900
2025-04-22,15.3100004196167,89400
2025-04-23,15.680000305175781,296000
2025-04-24,16.200000762939453,380500
2025-04-25,16.329999923706055,227600
2025-04-28,16.329999923706055,175700
2025-04-29,16.5,110700
2025-04-30,16.440000534057617,166100
2025-05-01,16.549999237060547,182100
2025-05-02,16.979999542236328,199700
2025-05-05,16.950000762939453,145600
2025-05-06,16.770000457763672,176300
2025-05-07,16.81999969482422,163300
2025-05-08,17.010000228881836,154800
2025-05-09,16.969999313354492,100100
2025-05-12,17.579999923706055,1043600
2025-05-13,17.979999542236328,281200
2025-05-14,18.079999923706055,323000
2025-05-15,17.950000762939453,283000
2025-05-16,18.15999984741211,241800
2025-05-19,18.139999389648438,211400
2025-05-20,18.010000228881836,192700
2025-05-21,17.75,183100
2025-05-22,17.809999465942383,109100
2025-05-23,17.68000030517578,150900
2025-05-27,18.040000915527344,308300
2025-05-28,17.889999389648438,153500
2025-05-29,17.809999465942383,142300
2025-05-30,17.799999237060547,140700
2025-06-02,17.940000534057617,455300
2025-06-03,18.100000381469727,326100
2025-06-04,18.18000030517578,227200
2025-06-05,18.079999923706055,860200
2025-06-06,18.329999923706055,464900
2025-06-09,18.25,266400
2025-06-10,18.229999542236328,231800
2025-06-11,18.25,305100
2025-06-12,18.329999923706055,255100
2025-06-13,18.139999389648438,234700
2025-06-16,18.3799991607666,387400
2025-06-17,18.229999542236328,183000
2025-06-18,18.219999313354492,124900
2025-06-20,18.06999969482422,121100
2025-06-23,18.309999465942383,174600
2025-06-24,18.68000030517578,329800
2025-06-25,18.56999969482422,270600
2025-06-26,18.780000686645508,210500
2025-06-27,18.799999237060547,224900
2025-06-30,19.09000015258789,280300
2025-07-01,18.799999237060547,221400
2025-07-02,18.959999084472656,173300
2025-07-03,19.139999389648438,117300
2025-07-07,19.0,734000
2025-07-08,19.020000457763672,448700
2025-07-09,19.200000762939453,319400
2025-07-10,19.139999389648438,289700
2025-07-11,18.979999542236328,277500
2025-07-14,19.139999389648438,201200
2025-07-15,19.040000915527344,244800
2025-07-16,19.170000076293945,149600
2025-07-17,19.530000686645508,309400
2025-07-18,19.549999237060547,165200
2025-07-21,19.32699966430664,263300
2025-07-22,19.32200050354004,183000
2025-07-23,19.440000534057617,157500
2025-07-24,19.540000915527344,144600
2025-07-25,19.600000381469727,129000
2025-07-28,19.68000030517578,751600
2025-07-29,19.389999389648438,262000
2025-07-30,19.559999465942383,245500
2025-07-31,19.649999618530273,248000
2025-08-01,19.40999984741211,324200
2025-08-04,19.959999084472656,206300
2025-08-05,19.780000686645508,165800
2025-08-06,20.110000610351562,265300
2025-08-07,20.18000030517578,220200
2025-08-08,19.979999542236328,209500
2025-08-11,20.0,370000
2025-08-12,20.229999542236328,146900
2025-08-13,20.049999237060547,202300
2025-08-14,19.889999389648438,166200
2025-08-15,19.940000534057617,86300
2025-08-18,20.0,83800
2025-08-19,19.40999984741211,300200
2025-08-20,19.329999923706055,245000
2025-08-21,19.34000015258789,125400
2025-08-22,19.850000381469727,247100
2025-08-25,19.81999969482422,183800
2025-08-26,20.0,157800
2025-08-27,19.860000610351562,140200
2025-08-28,20.100000381469727,92900
2025-08-29,19.920000076293945,103900
2025-09-02,19.760000228881836,161900
2025-09-03,19.729999542236328,94500
2025-09-04,19.924999237060547,116400
2025-09-05,19.93000030517578,162300
2025-09-08,20.170000076293945,255600
2025-09-09,20.405000686645508,191400
2025-09-10,20.719999313354492,540300
2025-09-11,20.790000915527344,200100
2025-09-12,20.739999771118164,115900
2025-09-15,20.979999542236328,233700
2025-09-16,20.90999984741211,262800
2025-09-17,20.889999389648438,205400
2025-09-18,21.219999313354492,163200
2025-09-19,21.3799991607666,147900
2025-09-22,21.389999389648438,180300
2025-09-23,21.200000762939453,187600
2025-09-24,20.969999313354492,183900
2025-09-25,20.719999313354492,237400
2025-09-26,20.829999923706055,213200
2025-09-29,21.149999618530273,265900
2025-09-30,21.1200008392334,167400
2025-10-01,21.040000915527344,259300
2025-10-02,21.15999984741211,155900
2025-10-03,21.09000015258789,146000
2025-10-06,21.059999465942383,242400
2025-10-07,21.110000610351562,263500
2025-10-08,21.440000534057617,146500
2025-10-09,21.540000915527344,291400
2025-10-10,20.700000762939453,288600
2025-10-13,21.059999465942383,121200
2025-10-14,20.920000076293945,183300
2025-10-15,21.020000457763672,115600
2025-10-16,20.809999465942383,109400
2025-10-17,20.719999313354492,135900
2025-10-20,20.920000076293945,129300
2025-10-21,20.959999084472656,85900
2025-10-22,20.700000762939453,149200
2025-10-23,21.15999984741211,140800
2025-10-24,21.3799991607666,148300
2025-10-27,21.709999084472656,158200
2025-10-28,21.6200008392334,113000
2025-10-29,21.579999923706055,127600
2025-10-30,20.989999771118164,100300
2025-10-31,21.309999465942383,144700
2025-11-03,21.360000610351562,276400
2025-11-04,20.790000915527344,180500
2025-11-05,20.899999618530273,70700
2025-11-06,20.3799991607666,207600
2025-11-07,20.469999313354492,191500
2025-11-10,20.950000762939453,97200
2025-11-11,20.850000381469727,362500
2025-11-12,20.760000228881836,104900
2025-11-13,20.1299991607666,169300
2025-11-14,20.1299991607666,128000
2025-11-17,19.739999771118164,267000
2025-11-18,19.579999923706055,147800
2025-11-19,19.56999969482422,205800
2025-11-20,18.959999084472656,216500
2025-11-21,19.0,185500
2025-11-24,19.399999618530273,102200
2025-11-25,19.530000686645508,134700
2025-11-26,19.6200008392334,86200
2025-11-28,19.780000686645508,80100
2025-12-01,19.67099952697754,141800
2025-12-02,19.770000457763672,99100
2025-12-03,19.959999084472656,79600
2025-12-04,20.31999969482422,133700
2025-12-05,20.469999313354492,805900
2025-12-08,20.510000228881836,809700
2025-12-09,20.459999084472656,424600
2025-12-10,20.43000030517578,818700
2025-12-11,20.299999237060547,1294400
2025-12-12,19.950000762939453,464500
2025-12-15,19.8700008392334,3030100
2025-12-16,19.940000534057617,2715300
2025-12-17,19.6200008392334,4263800
2025-12-18,19.920000076293945,3309200
2025-12-19,20.290000915527344,2069600
2025-12-22,20.5,3460200
2025-12-23,20.479999542236328,596500
2025-12-24,20.510000228881836,1202900
2025-12-26,20.440000534057617,536800
2025-12-29,20.309999465942383,379600
2025-12-30,20.290000915527344,413000
2025-12-31,20.139999389648438,2728000
2026-01-02,19.969999313354492,2639500
2026-01-05,20.25,471200
2026-01-06,20.520000457763672,501700
2026-01-07,20.6299991607666,456500
2026-01-08,20.229999542236328,481000
2026-01-09,20.1200008392334,484400
2026-01-12,20.209999084472656,539200
2026-01-13,20.239999771118164,406800
2026-01-14,20.010000228881836,558100
2026-01-15,19.81999969482422,422600
2026-01-16,19.735000610351562,350100
2026-01-20,19.290000915527344,551700
2026-01-21,19.360000610351562,536300
2026-01-22,19.639999389648438,455800
2026-01-23,19.600000381469727,428600
2026-01-26,19.56999969482422,462600
2026-01-27,19.5,806300
2026-01-28,19.260000228881836,952400
2026-01-29,19.010000228881836,1636500
2026-01-30,18.600000381469727,420000
2026-02-02,18.399999618530273,956400
2026-02-03,18.110000610351562,799300
2026-02-04,17.489999771118164,627500
2026-02-05,16.959999084472656,823200
2026-02-06,17.489999771118164,417700
2026-02-09,17.989999771118164,819100
2026-02-10,18.049999237060547,2766500
2026-02-11,17.6299991607666,324700
2026-02-12,17.040000915527344,1057200
2026-02-13,17.309999465942383,535300
2026-02-17,17.260000228881836,1129600
2026-02-18,17.549999237060547,407200
2026-02-19,17.520000457763672,197800
2026-02-20,17.489999771118164,314100
2026-02-23,16.989999771118164,424000
2026-02-24,17.1299991607666,246100
2026-02-25,17.520000457763672,201100
2026-02-26,17.639999389648438,899100
2026-02-27,17.5,1426000
2026-03-02,17.530000686645508,542800
2026-03-03,17.399999618530273,762500
2026-03-04,17.719999313354492,841900
2026-03-05,17.780000686645508,627800
2026-03-06,17.649999618530273,491500
2026-03-09,17.709999084472656,379200
2026-03-10,17.610000610351562,542400
2026-03-11,17.610000610351562,413700
2026-03-12,17.299999237060547,432600
2026-03-13,17.219999313354492,401300
2026-03-16,17.3700008392334,411900
2026-03-17,17.5,870400
2026-03-18,17.329999923706055,469700
2026-03-19,17.299999237060547,388100
2026-03-20,17.1299991607666,309300
2026-03-23,17.274999618530273,234014
